pos	N	G	C	T	A
1	0.0	1.78	1.37	96.81	0.04
2	0.0	0.1	0.16	1.07	98.67
3	0.0	1.1	98.77	0.11	0.02
4	0.0	97.44	0.3	1.31	0.95
5	0.0	54.75	0.05	2.7	42.5
6	0.0	1.66	0.41	0.83	97.1
7	0.0	96.38	0.41	0.49	2.72
8	0.0	98.14	1.25	0.07	0.54
9	0.0	72.65	0.33	2.4	24.62
10	0.0	55.3	2.0	39.57	3.13
11	0.0	68.48	30.05	1.12	0.34
12	0.0	0.12	86.32	13.54	0.02
13	0.0	44.11	1.26	18.93	35.7
14	0.0	0.33	0.21	0.16	99.29
15	0.0	98.14	1.14	0.07	0.66
16	0.0	1.08	96.91	1.83	0.17
17	0.0	98.62	1.19	0.1	0.08
18	0.0	0.34	0.29	99.32	0.04
19	0.0	0.09	0.1	97.23	2.57
20	0.0	59.08	0.25	1.33	39.34
21	0.0	0.32	1.69	88.34	9.66
22	0.0	1.16	30.56	68.24	0.03
23	0.0	0.16	98.59	0.68	0.57
24	0.0	99.19	0.38	0.08	0.36
25	0.0	98.45	1.33	0.09	0.14
26	0.0	0.17	1.12	0.37	98.33
27	0.0	0.14	0.07	13.75	86.04
28	0.0	0.16	1.13	98.6	0.11
29	0.0	0.06	29.03	69.58	1.34
30	0.0	1.22	0.11	0.1	98.58
31	0.0	0.06	71.43	28.39	0.12
32	0.0	1.24	0.27	98.46	0.03
33	0.0	98.44	0.02	1.23	0.31
34	0.0	98.74	1.13	0.06	0.07
35	0.0	98.59	0.14	0.09	1.18
36	0.0	0.82	72.16	26.44	0.57
37	0.0	68.76	0.34	30.27	0.63
38	0.0	0.15	0.12	98.7	1.02
39	0.0	0.08	0.07	0.58	99.27
40	0.0	0.15	0.79	0.21	98.85
41	0.0	0.73	0.08	0.33	98.86
42	0.0	99.06	0.06	0.25	0.63
43	0.0	65.95	29.78	0.19	4.09
44	0.0	98.3	0.97	0.32	0.41
45	0.0	0.36	19.34	43.82	36.48
46	0.0	49.99	27.83	4.1	18.08
47	0.0	1.38	93.92	4.56	0.14
48	0.0	98.37	0.5	0.58	0.55
49	0.0	0.39	43.53	55.51	0.57
50	0.0	0.42	0.07	0.1	99.4
51	0.0	99.59	0.02	0.16	0.23
52	0.0	98.35	1.43	0.12	0.1
53	0.0	0.31	83.33	16.32	0.04
54	0.0	97.53	0.28	2.01	0.18
55	0.0	98.45	1.15	0.31	0.1
56	0.0	1.74	5.24	65.75	27.26
57	0.0	0.54	19.69	78.05	1.72
58	0.0	3.23	45.92	44.86	5.99
59	0.0	14.77	1.77	17.75	65.71
60	0.0	10.37	0.55	37.26	51.82
61	0.0	0.1	3.74	87.77	8.39
62	0.0	0.3	3.34	34.43	61.93
63	0.0	0.54	0.14	0.39	98.93
64	0.0	98.23	0.78	0.6	0.38
65	0.0	0.13	4.08	95.7	0.09
66	0.0	2.49	37.08	59.27	1.16
67	0.0	14.15	0.17	2.64	83.05
68	0.0	95.94	0.08	1.25	2.74
69	0.0	46.25	2.64	15.17	35.94
70	0.0	45.01	38.31	15.85	0.83
71	0.0	98.33	0.09	1.5	0.08
72	0.0	0.6	1.3	98.08	0.02
73	0.0	94.39	0.42	4.25	0.94
74	0.0	0.47	0.04	0.95	98.55
75	0.0	0.15	0.76	0.41	98.69
76	0.0	0.69	0.9	0.13	98.27
77	0.0	66.75	0.85	31.28	1.12
78	0.0	0.48	95.37	1.89	2.26
79	0.0	0.79	93.76	4.03	1.42
80	0.0	9.33	70.94	18.78	0.95
81	0.0	16.26	43.92	3.05	36.78
82	0.0	68.92	18.38	10.14	2.56
83	0.0	66.17	9.46	0.36	24.01
84	0.0	98.42	0.33	1.15	0.1
85	0.0	0.16	98.32	0.38	1.14
86	0.0	0.03	1.73	98.16	0.08
87	0.0	1.13	90.31	8.23	0.33
88	0.0	0.19	0.61	0.05	99.15
89	0.0	0.21	0.38	0.04	99.37
90	0.0	0.04	98.52	1.26	0.19
91	0.0	8.36	64.52	26.78	0.35
92	0.0	18.51	19.15	53.33	9.01
93	0.0	44.5	12.15	40.91	2.44
94	0.0	71.17	9.36	0.88	18.59
95	0.0	93.63	1.2	1.01	4.16
96	0.0	0.92	5.03	0.22	93.83
97	0.0	1.62	0.56	1.66	96.16
98	0.0	2.11	86.3	10.46	1.13
99	0.0	3.75	1.9	93.17	1.18
100	0.0	95.53	0.78	2.5	1.19
101	0.0	0.61	99.11	0.16	0.12
102	0.0	38.81	44.78	1.52	14.89
103	0.0	2.86	36.92	45.45	14.77
104	0.0	0.5	11.34	88.01	0.15
105	0.0	2.49	14.74	81.37	1.4
106	0.0	37.61	1.69	1.12	59.58
107	0.0	4.0	0.06	0.46	95.49
108	0.0	1.32	0.3	69.29	29.1
109	0.0	0.2	0.72	0.13	98.96
110	0.0	0.02	97.99	1.76	0.23
111	0.0	0.72	0.54	98.67	0.07
112	0.0	89.37	1.92	3.58	5.13
113	0.0	21.73	8.55	53.94	15.79
114	0.0	1.6	11.5	69.14	17.77
115	0.0	43.92	3.92	8.63	43.54
116	0.0	39.23	2.28	3.66	54.84
117	0.0	9.57	1.35	28.82	60.26
118	0.0	0.06	97.36	1.15	1.43
119	0.0	0.03	2.1	97.38	0.5
120	0.0	1.45	1.06	40.16	57.33
121	0.0	97.32	0.1	1.08	1.5
122	0.0	1.89	1.05	0.07	96.99
123	0.0	57.77	0.12	1.4	40.7
124	0.0	2.13	0.53	83.15	14.19
125	0.0	4.29	5.37	32.57	57.77
126	0.0	0.44	69.08	13.27	17.22
127	0.0	28.58	1.41	19.59	50.42
128	0.0	52.44	0.54	14.58	32.44
129	0.0	38.57	1.22	14.33	45.88
130	0.0	2.49	0.89	25.52	71.11
131	0.0	97.39	0.04	1.01	1.56
132	0.0	4.23	1.09	0.11	94.57
133	0.0	73.25	0.07	0.67	26.0
134	0.0	98.27	0.04	0.47	1.22
135	0.0	15.21	0.79	45.98	38.02
136	0.0	20.84	0.48	41.01	37.67
137	0.0	35.23	0.57	1.76	62.44
138	0.0	78.73	1.06	14.13	6.08
139	0.0	4.0	14.51	79.99	1.5
140	0.0	75.29	0.27	0.95	23.49
141	0.0	98.27	0.86	0.06	0.82
142	0.0	1.08	0.07	0.27	98.58
143	0.0	1.08	0.29	0.49	98.14
144	0.0	0.12	1.2	97.7	0.98
145	0.0	17.08	0.5	71.73	10.69
146	0.0	0.43	59.24	30.45	9.88
147	0.0	25.92	69.81	1.28	2.99
148	0.0	5.11	43.43	32.54	18.93
149	0.0	11.71	12.07	2.74	73.48
150	0.0	86.91	0.05	0.82	12.22
151	0.0	2.19	0.61	97.12	0.09
152	0.0	98.27	0.04	1.62	0.07
153	0.0	2.85	0.95	95.46	0.75
154	0.0	0.94	0.12	0.92	98.02
155	0.0	98.08	0.26	0.04	1.61
156	0.0	2.28	40.15	0.95	56.62
157	0.0	96.25	0.84	0.84	2.07
158	0.0	98.4	0.79	0.75	0.05
159	0.0	1.7	0.83	97.42	0.05
160	0.0	97.23	0.47	0.96	1.33
161	0.0	2.98	0.22	0.11	96.68
162	0.0	0.81	0.23	0.04	98.92
163	0.0	1.03	0.04	0.75	98.18
164	0.0	0.28	0.15	98.64	0.93
165	0.0	40.25	1.29	58.38	0.07
166	0.0	2.08	97.41	0.28	0.23
167	0.0	70.85	0.95	2.47	25.73
168	0.0	1.88	0.25	97.09	0.78
169	0.0	1.1	0.81	1.29	96.81
170	0.0	97.37	0.81	0.18	1.65
171	0.0	1.17	0.59	0.7	97.53
172	0.0	5.85	0.23	92.25	1.67
173	0.0	0.67	0.31	1.66	97.35
174	0.0	0.75	0.57	97.69	1.0
175	0.0	13.38	10.03	74.38	2.22
176	0.0	43.21	5.53	18.51	32.75
177	0.0	69.05	26.59	3.64	0.73
178	0.0	59.79	0.4	10.61	29.2
179	0.0	1.6	16.71	10.92	70.76
180	0.0	25.6	0.67	0.07	73.66
181	0.0	98.39	0.04	0.02	1.54
182	0.0	1.11	0.65	0.02	98.22
183	0.0	0.56	0.87	0.4	98.17
184	0.0	0.38	74.6	23.37	1.64
185	0.0	0.52	2.24	0.12	97.12
186	0.0	0.04	94.83	4.16	0.96
187	0.0	0.72	98.45	0.22	0.62
188	0.0	64.5	1.48	0.12	33.91
189	0.0	63.79	0.6	0.75	34.87
190	0.0	0.55	0.4	96.99	2.06
191	0.0	68.78	0.18	30.28	0.75
192	0.0	98.11	0.52	0.79	0.58
193	0.0	1.71	97.53	0.47	0.29
194	0.0	97.71	1.04	0.37	0.88
195	0.0	1.38	0.03	0.2	98.39
196	0.0	0.86	0.04	0.04	99.06
197	0.0	59.49	0.27	0.13	40.1
198	0.0	98.43	1.28	0.04	0.24
199	0.0	1.33	98.15	0.09	0.43
200	0.0	64.8	1.0	0.02	34.18
201	0.0	88.58	4.21	0.14	7.07
202	0.0	1.12	79.5	5.89	13.48
203	0.0	0.1	10.69	87.96	1.25
204	0.0	0.95	20.51	38.28	40.27
205	0.0	1.08	14.89	38.4	45.63
206	0.0	0.45	97.79	0.96	0.8
207	0.0	0.84	1.4	97.55	0.21
208	0.0	72.28	0.07	1.11	26.54
209	0.0	73.01	2.13	0.35	24.51
210	0.0	8.12	45.31	35.76	10.81
211	0.0	0.88	49.89	25.03	24.21
212	0.0	1.14	27.81	51.46	19.59
213	0.0	67.05	1.31	18.47	13.16
214	0.0	5.38	1.01	51.24	42.37
215	0.0	2.46	5.61	78.55	13.38
216	0.0	0.76	1.01	6.96	91.27
217	0.0	0.29	57.32	41.39	0.99
218	0.0	0.79	1.02	98.14	0.05
219	0.0	97.05	1.03	0.33	1.58
220	0.0	1.22	1.12	0.04	97.62
221	0.0	0.71	97.87	0.07	1.36
222	0.0	81.96	1.76	0.07	16.22
223	0.0	1.15	97.58	1.17	0.1
224	0.0	0.76	1.19	97.69	0.36
225	0.0	89.23	8.38	0.99	1.4
226	0.0	1.65	0.08	0.33	97.94
227	0.0	91.89	0.07	6.89	1.15
228	0.0	94.84	0.81	0.31	4.04
229	0.0	28.98	41.71	25.6	3.7
230	0.0	17.93	1.0	36.69	44.38
231	0.0	1.67	97.59	0.38	0.36
232	0.0	97.6	1.04	0.18	1.18
233	0.0	1.19	0.16	0.12	98.53
234	0.0	0.21	0.44	0.03	99.33
235	0.0	2.39	0.05	0.02	97.54
236	0.0	97.69	1.17	0.08	1.05
237	0.0	2.01	82.84	15.05	0.1
238	0.0	90.86	1.65	3.92	3.57
239	0.0	1.15	0.24	95.03	3.58
240	0.0	98.55	0.08	0.47	0.91
241	0.0	99.61	0.1	0.14	0.15
242	0.0	99.65	0.12	0.13	0.09
243	0.0	76.48	0.13	22.45	0.95
244	0.0	2.04	0.39	0.15	97.41
245	0.0	97.36	1.02	0.22	1.4
246	0.0	1.37	97.88	0.09	0.65
247	0.0	35.07	1.18	0.15	63.6
248	0.0	0.38	0.2	0.1	99.31
249	0.0	0.35	1.02	0.04	98.59
250	0.0	2.92	91.99	2.01	3.08
251	0.0	7.58	1.36	0.2	90.86
252	0.0	98.76	0.05	0.02	1.17
253	0.0	96.52	0.11	2.61	0.76
254	0.0	14.29	1.9	48.57	35.24
255	0.0	6.67	3.33	38.89	51.11
256	0.0	3.53	55.29	36.47	4.71
257	0.0	66.67	33.33	0.0	0.0
258	0.0	0.0	0.0	33.33	66.67
259	0.0	0.0	100.0	0.0	0.0
260	0.0	100.0	0.0	0.0	0.0
261	0.0	0.0	0.0	0.0	100.0
262	0.0	0.0	0.0	0.0	100.0
263	0.0	0.0	0.0	0.0	100.0
264	0.0	100.0	0.0	0.0	0.0
265	0.0	0.0	100.0	0.0	0.0
266	0.0	100.0	0.0	0.0	0.0
267	0.0	0.0	0.0	100.0	0.0
268	0.0	100.0	0.0	0.0	0.0
269	0.0	100.0	0.0	0.0	0.0
270	0.0	100.0	0.0	0.0	0.0
271	0.0	100.0	0.0	0.0	0.0
272	0.0	0.0	0.0	0.0	100.0
273	0.0	100.0	0.0	0.0	0.0
274	0.0	0.0	100.0	0.0	0.0
275	0.0	66.67	0.0	0.0	33.33
276	0.0	0.0	0.0	0.0	100.0
277	0.0	0.0	0.0	0.0	100.0
278	0.0	0.0	100.0	0.0	0.0
279	0.0	0.0	0.0	0.0	100.0
280	0.0	100.0	0.0	0.0	0.0
