pos	N	G	C	T	A
1	0.0	23.7	29.48	23.72	23.1
2	0.0	27.96	20.64	30.28	21.12
3	0.0	23.9	22.24	29.24	24.61
4	0.0	22.59	20.05	26.48	30.89
5	0.0	24.19	19.32	25.66	30.83
6	0.0	21.99	20.7	24.98	32.33
7	0.0	20.91	21.67	33.2	24.22
8	0.0	22.25	23.28	28.2	26.27
9	0.0	22.69	24.01	27.91	25.39
10	0.0	21.7	19.51	26.92	31.88
11	0.0	24.48	23.08	24.72	27.72
12	0.0	23.63	23.86	26.77	25.74
13	0.0	22.29	21.75	28.38	27.58
14	0.0	22.69	21.07	28.41	27.82
15	0.0	23.17	21.46	27.57	27.8
16	0.0	22.63	21.5	27.86	28.01
17	0.0	22.7	21.6	27.24	28.45
18	0.0	23.09	21.53	27.16	28.22
19	0.0	23.01	21.51	27.63	27.85
20	0.0	23.14	21.79	27.11	27.96
21	0.0	23.05	21.81	27.21	27.93
22	0.0	22.83	21.64	27.26	28.27
23	0.0	23.06	21.37	27.14	28.43
24	0.0	23.22	21.05	27.38	28.36
25	0.0	22.92	21.47	27.16	28.45
26	0.0	23.42	20.92	27.42	28.24
27	0.0	23.42	21.15	27.08	28.35
28	0.0	23.44	21.17	27.09	28.3
29	0.0	23.63	20.94	27.44	28.0
30	0.0	23.26	21.33	27.07	28.34
31	0.0	23.31	21.06	27.2	28.43
32	0.0	23.54	21.02	27.3	28.13
33	0.0	23.49	21.19	27.07	28.25
34	0.0	23.17	20.97	27.05	28.81
35	0.0	23.29	20.98	27.3	28.43
36	0.0	23.7	20.91	27.1	28.29
37	0.0	23.08	21.26	27.44	28.22
38	0.0	23.33	21.25	27.5	27.92
39	0.0	23.64	21.01	27.4	27.95
40	0.0	23.46	21.02	27.22	28.3
41	0.0	23.68	20.86	27.07	28.39
42	0.0	23.65	21.15	26.81	28.39
43	0.0	23.19	21.25	27.22	28.34
44	0.0	23.14	21.11	27.44	28.32
45	0.0	23.24	21.05	27.35	28.37
46	0.0	23.44	21.16	27.19	28.21
47	0.0	23.1	21.14	27.04	28.72
48	0.0	23.36	21.25	27.24	28.15
49	0.0	23.25	21.52	27.08	28.15
50	0.0	23.15	21.2	27.22	28.44
51	0.0	22.72	21.37	27.47	28.43
52	0.0	22.71	21.48	27.27	28.54
53	0.01	23.14	21.13	27.13	28.6
54	0.0	22.9	21.55	26.99	28.56
55	0.0	22.85	21.33	27.39	28.43
56	0.0	23.04	21.29	27.45	28.23
57	0.0	22.91	21.5	27.32	28.27
58	0.0	23.0	21.47	27.04	28.49
59	0.0	23.37	21.34	27.0	28.3
60	0.0	22.97	21.33	27.2	28.5
61	0.0	23.05	21.47	27.22	28.25
62	0.0	23.1	21.42	27.27	28.2
63	0.0	22.91	21.21	27.24	28.63
64	0.0	23.23	21.23	27.25	28.28
65	0.0	23.29	21.33	27.21	28.18
66	0.0	22.61	21.49	27.25	28.64
67	0.0	23.21	21.35	27.13	28.31
68	0.0	23.18	21.35	27.28	28.19
69	0.0	22.94	21.34	27.41	28.31
70	0.0	22.86	21.61	27.28	28.25
71	0.0	22.84	21.19	27.43	28.54
72	0.0	23.13	21.18	27.12	28.57
73	0.0	22.94	21.14	27.25	28.67
74	0.0	23.28	21.07	27.03	28.62
75	0.0	22.78	21.51	27.22	28.49
76	0.21	22.55	21.27	27.35	28.63
77	0.0	23.12	21.31	27.09	28.49
78	0.0	22.67	21.31	27.6	28.41
79	0.0	22.89	21.18	27.03	28.9
80	0.0	23.04	21.37	26.9	28.68
81	0.0	22.86	21.14	27.42	28.58
82	0.0	22.72	21.41	27.38	28.5
83	0.0	22.6	21.68	27.33	28.38
84	0.0	22.97	21.35	27.03	28.65
85	0.0	22.74	21.46	27.15	28.65
86	0.0	22.77	21.26	27.23	28.74
87	0.0	22.7	21.3	26.97	29.03
88	0.0	22.62	21.43	27.28	28.67
89	0.0	23.02	21.36	27.14	28.47
90	0.0	22.74	21.59	26.95	28.73
91	0.0	22.79	21.48	27.08	28.65
92	0.0	23.18	21.37	26.84	28.61
93	0.0	22.63	21.35	26.92	29.09
94	0.0	22.73	21.31	27.02	28.94
95	0.0	22.84	21.54	26.77	28.85
96	0.0	22.86	21.27	26.88	28.99
97	0.0	22.94	21.41	26.77	28.88
98	0.0	22.81	21.45	26.75	28.99
99	0.0	22.31	21.52	27.02	29.15
100	0.0	23.25	21.76	26.38	28.61
