pos	N	G	C	T	A
1	0.0	23.5	21.21	33.75	21.53
2	0.0	24.16	21.36	28.73	25.75
3	0.0	21.51	21.67	29.23	27.59
4	0.0	20.93	21.76	29.39	27.91
5	0.0	22.07	22.43	28.13	27.36
6	0.0	22.04	21.63	28.42	27.92
7	0.0	21.83	21.7	28.46	28.0
8	0.0	21.94	22.35	28.36	27.34
9	0.0	22.28	21.75	28.42	27.55
10	0.0	21.25	21.91	29.37	27.46
11	0.0	21.83	22.58	28.33	27.25
12	0.0	21.57	22.27	28.36	27.79
13	0.0	21.34	21.87	29.19	27.61
14	0.0	22.19	21.9	28.24	27.66
15	0.0	22.24	21.79	27.96	28.01
16	0.0	21.34	21.89	29.1	27.67
17	0.0	22.16	22.63	27.73	27.48
18	0.0	22.12	21.71	27.85	28.31
19	0.0	21.76	21.78	28.5	27.96
20	0.0	22.0	22.34	28.07	27.58
21	0.0	22.26	21.48	28.15	28.1
22	0.0	21.3	21.9	28.58	28.22
23	0.0	22.25	21.75	28.33	27.67
24	0.0	22.45	21.74	28.05	27.76
25	0.0	21.68	22.04	28.86	27.42
26	0.0	22.3	22.26	27.37	28.08
27	0.0	22.16	21.74	27.83	28.27
28	0.0	21.65	21.97	28.73	27.65
29	0.0	22.27	22.4	28.41	26.92
30	0.0	22.82	21.65	27.65	27.89
31	0.0	21.59	22.16	28.59	27.66
32	0.0	22.22	22.24	28.27	27.28
33	0.0	22.32	21.3	28.24	28.13
34	0.0	20.86	22.28	29.12	27.74
35	0.0	21.81	22.65	28.52	27.02
36	0.0	22.52	21.34	28.19	27.95
37	0.0	21.67	22.01	28.96	27.36
38	0.0	21.79	22.7	27.86	27.65
39	0.0	22.29	22.5	27.53	27.68
40	0.0	21.57	21.93	29.03	27.46
41	0.0	22.26	22.37	28.38	26.99
42	0.0	22.22	21.45	28.52	27.81
43	0.0	21.75	22.01	28.82	27.43
44	0.0	22.28	22.17	27.89	27.66
45	0.0	22.53	21.12	28.22	28.13
46	0.0	21.46	22.15	28.74	27.64
47	0.0	21.91	22.55	28.13	27.41
48	0.0	22.56	21.85	27.4	28.19
49	0.0	21.31	22.42	28.93	27.34
50	0.0	22.24	22.74	28.25	26.77
51	0.0	22.11	21.59	28.35	27.94
52	0.0	21.15	22.47	28.92	27.45
53	0.0	21.84	22.75	27.91	27.5
54	0.0	22.45	21.67	28.11	27.77
55	0.0	21.8	22.05	28.34	27.81
56	0.0	22.35	22.25	28.08	27.32
57	0.0	22.47	21.15	28.36	28.02
58	0.0	21.78	21.91	28.52	27.79
59	0.0	22.16	22.15	28.22	27.47
60	0.0	22.52	21.56	27.92	27.99
61	0.0	21.38	22.53	28.35	27.74
62	0.0	22.11	21.97	28.47	27.45
63	0.0	22.83	21.48	27.95	27.74
64	0.0	21.98	22.22	28.25	27.56
65	0.0	22.39	22.15	28.11	27.35
66	0.0	22.72	21.27	27.9	28.11
67	0.0	21.46	22.15	28.25	28.14
68	0.0	21.72	22.03	28.34	27.91
69	0.0	22.2	21.32	27.81	28.67
70	0.0	21.79	22.0	28.79	27.42
71	0.0	22.32	22.26	28.21	27.22
72	0.0	22.45	21.42	28.0	28.12
73	0.0	21.09	22.46	28.81	27.64
74	0.0	22.31	22.19	28.11	27.39
75	0.0	22.58	21.2	28.23	27.98
76	0.0	21.82	21.64	28.95	27.59
77	0.0	22.38	22.32	28.02	27.27
78	0.0	22.03	21.79	27.76	28.42
79	0.0	21.52	21.8	28.56	28.12
80	0.0	22.5	22.05	27.94	27.5
81	0.0	22.5	21.64	27.87	27.98
82	0.0	21.62	21.91	28.78	27.69
83	0.0	22.42	21.76	28.33	27.49
84	0.0	22.17	21.47	27.98	28.37
85	0.0	21.45	21.85	28.67	28.03
86	0.0	22.16	21.96	28.49	27.38
87	0.0	22.6	21.57	27.96	27.88
88	0.0	21.36	22.08	28.82	27.73
89	0.0	21.89	22.13	28.24	27.74
90	0.0	22.57	21.41	27.7	28.32
91	0.0	21.52	21.83	29.11	27.54
92	0.0	22.25	21.79	28.64	27.32
93	0.0	22.54	21.26	28.1	28.1
94	0.0	20.71	22.0	29.56	27.73
95	0.0	22.08	21.68	28.32	27.91
96	0.0	22.54	20.72	28.55	28.2
97	0.0	21.12	21.45	29.1	28.32
98	0.0	21.92	21.9	27.95	28.23
99	0.0	20.6	22.81	28.73	27.87
100	0.0	21.99	21.39	29.83	26.79
101	0.0	22.36	21.24	29.99	26.41
102	0.0	24.01	21.88	26.41	27.7
103	0.0	21.2	22.62	28.96	27.22
104	0.0	22.18	22.15	28.1	27.56
105	0.0	22.29	21.1	27.9	28.72
106	0.0	21.38	21.99	28.87	27.76
107	0.0	22.07	21.94	28.39	27.6
108	0.0	22.23	21.57	27.98	28.22
109	0.0	21.48	21.92	28.94	27.65
110	0.0	21.87	22.39	28.54	27.2
111	0.0	22.16	21.72	28.02	28.1
112	0.0	21.38	21.93	28.94	27.74
113	0.0	21.65	21.69	28.95	27.71
114	0.0	22.39	21.41	28.63	27.57
115	0.0	21.51	22.34	28.43	27.72
116	0.0	22.23	21.99	28.52	27.27
117	0.0	21.86	21.26	28.53	28.35
118	0.0	20.95	21.98	28.67	28.41
119	0.0	21.84	21.9	28.75	27.51
120	0.0	22.05	21.64	28.1	28.22
121	0.0	21.77	21.59	29.09	27.55
122	0.0	22.1	21.54	28.57	27.79
123	0.0	22.28	21.46	28.27	27.99
124	0.0	21.16	22.22	28.77	27.86
125	0.0	22.14	22.13	28.13	27.6
126	0.0	21.95	21.86	28.4	27.79
127	0.0	21.4	21.8	29.13	27.66
128	0.0	21.42	22.17	28.85	27.56
129	0.0	21.79	21.51	28.52	28.19
130	0.0	21.02	22.06	29.19	27.73
131	0.0	22.09	22.0	28.47	27.44
132	0.0	22.35	21.58	28.59	27.48
133	0.0	21.5	22.15	28.74	27.62
134	0.0	22.0	22.16	28.31	27.52
135	0.0	22.46	21.74	27.95	27.86
136	0.0	21.15	21.77	29.26	27.81
137	0.0	22.39	21.82	28.54	27.25
138	0.0	21.85	21.69	28.44	28.03
139	0.0	21.76	22.31	28.96	26.98
140	0.0	21.72	22.13	28.13	28.01
141	0.0	22.39	21.56	27.85	28.2
142	0.0	21.55	21.79	29.07	27.6
143	0.0	21.92	22.14	28.6	27.34
144	0.0	21.87	21.97	28.2	27.97
145	0.0	21.41	22.59	28.65	27.35
146	0.0	22.14	22.11	28.53	27.22
147	0.0	22.41	22.01	27.63	27.95
148	0.0	21.05	22.42	28.66	27.88
149	0.0	22.47	22.16	27.96	27.41
150	0.0	22.03	21.48	28.18	28.32
151	0.0	21.01	21.94	29.07	27.98
152	0.0	22.19	21.8	28.61	27.41
153	0.0	22.22	21.21	28.38	28.2
154	0.0	21.26	22.11	28.66	27.97
155	0.0	21.52	22.28	28.24	27.96
156	0.0	22.47	21.35	27.97	28.2
157	0.0	21.68	21.75	29.14	27.43
158	0.0	22.16	22.12	28.24	27.49
159	0.0	22.56	21.34	28.23	27.87
160	0.0	21.44	21.92	28.71	27.92
161	0.0	21.99	22.26	28.38	27.37
162	0.0	22.31	21.63	27.95	28.12
163	0.0	21.46	22.18	28.59	27.77
164	0.0	22.03	21.79	28.35	27.82
165	0.0	22.43	21.71	27.98	27.88
166	0.0	21.24	22.48	28.6	27.68
167	0.0	22.11	22.16	27.87	27.86
168	0.0	22.03	21.25	28.71	28.01
169	0.0	21.66	21.76	28.66	27.92
170	0.0	21.81	21.9	28.75	27.54
171	0.0	22.5	21.2	27.63	28.67
172	0.0	21.56	21.94	28.56	27.94
173	0.0	21.95	21.9	28.59	27.56
174	0.0	22.21	21.48	28.47	27.84
175	0.0	21.49	22.2	28.63	27.68
176	0.0	22.07	22.05	28.23	27.65
177	0.0	22.25	21.6	28.27	27.87
178	0.0	21.43	21.99	28.62	27.97
179	0.0	22.14	22.23	28.11	27.52
180	0.0	21.87	21.5	28.19	28.45
181	0.0	21.37	21.67	28.92	28.05
182	0.0	22.2	22.32	28.16	27.31
183	0.0	22.33	21.62	27.91	28.14
184	0.0	21.13	22.13	29.79	26.96
185	0.0	22.36	22.01	28.08	27.55
186	0.0	22.1	21.71	27.94	28.25
187	0.0	21.02	22.67	28.73	27.57
188	0.0	22.17	22.17	28.32	27.34
189	0.0	22.18	21.64	28.24	27.94
190	0.0	21.32	22.24	28.69	27.75
191	0.0	21.83	22.11	28.69	27.36
192	0.0	22.15	21.85	27.88	28.12
193	0.0	21.27	22.16	28.98	27.59
194	0.0	22.22	22.09	27.88	27.81
195	0.0	22.64	21.44	28.03	27.89
196	0.0	21.4	21.49	29.01	28.1
197	0.0	22.08	21.42	28.32	28.19
198	0.0	22.2	21.37	27.91	28.52
199	0.0	21.09	22.51	28.71	27.69
200	0.0	22.02	22.14	28.31	27.53
201	0.0	22.57	21.25	28.24	27.94
202	0.0	21.33	22.26	28.6	27.8
203	0.0	22.26	22.19	28.15	27.4
204	0.0	22.65	21.82	27.72	27.81
205	0.0	21.21	22.25	28.33	28.21
206	0.0	22.0	22.03	28.17	27.81
207	0.0	22.46	21.23	27.91	28.4
208	0.0	21.62	21.78	28.8	27.8
209	0.0	22.2	22.0	28.17	27.64
210	0.0	22.59	21.64	28.16	27.62
211	0.0	21.44	22.03	28.82	27.71
212	0.0	22.13	22.15	28.23	27.49
213	0.0	22.1	21.86	27.92	28.11
214	0.0	21.33	22.28	28.37	28.01
215	0.0	22.01	22.38	28.08	27.53
216	0.0	22.36	21.18	28.32	28.14
217	0.0	21.17	22.22	28.94	27.67
218	0.0	22.13	21.65	28.71	27.52
219	0.0	22.26	21.75	27.81	28.17
220	0.0	21.37	22.38	28.51	27.74
221	0.0	22.27	22.03	28.03	27.67
222	0.0	22.46	21.85	28.06	27.63
223	0.0	21.34	22.44	28.41	27.8
224	0.0	22.28	22.05	28.74	26.94
225	0.0	22.43	22.07	27.69	27.81
226	0.0	21.58	21.82	28.67	27.92
227	0.0	22.25	21.82	28.53	27.4
228	0.0	21.72	21.85	28.65	27.78
229	0.0	21.38	22.51	28.68	27.42
230	0.0	22.45	22.12	27.69	27.73
231	0.0	22.26	21.83	27.65	28.26
232	0.0	21.75	21.85	28.45	27.96
233	0.0	22.35	21.83	28.18	27.64
234	0.0	22.83	21.53	27.73	27.9
235	0.0	21.44	22.1	28.66	27.8
236	0.0	22.21	21.7	28.65	27.43
237	0.0	22.15	21.68	28.49	27.68
238	0.0	21.46	21.76	29.14	27.64
239	0.0	22.18	21.96	28.41	27.45
240	0.0	22.63	21.83	28.18	27.35
241	0.0	21.65	22.13	28.66	27.56
242	0.0	22.37	21.96	28.17	27.5
243	0.0	22.17	21.48	28.23	28.11
244	0.0	21.52	22.07	28.48	27.93
245	0.0	22.41	21.86	28.03	27.71
246	0.0	22.23	21.74	28.03	28.0
247	0.0	21.31	22.23	28.96	27.5
248	0.0	21.89	22.06	28.62	27.42
249	0.0	22.28	21.84	28.05	27.83
250	0.0	21.42	22.0	28.93	27.66
251	0.0	21.92	21.94	28.36	27.78
252	0.0	21.97	21.51	28.74	27.79
253	0.0	21.33	22.1	28.76	27.82
254	0.0	21.89	22.36	28.18	27.56
255	0.0	22.36	21.66	27.78	28.2
256	0.0	21.75	22.22	28.57	27.46
257	0.0	22.08	22.72	28.22	26.98
258	0.0	22.15	21.9	27.89	28.05
259	0.0	21.98	22.59	28.33	27.09
260	0.0	22.03	22.02	28.29	27.66
261	0.0	21.89	21.8	27.77	28.54
262	0.0	21.37	22.1	28.82	27.7
263	0.0	22.21	22.09	27.68	28.03
264	0.0	22.22	21.86	27.53	28.4
265	0.0	21.79	22.0	28.79	27.42
266	0.0	22.45	22.02	28.19	27.35
267	0.0	22.43	21.84	27.87	27.86
268	0.0	21.53	22.19	28.31	27.98
269	0.0	22.25	21.94	28.42	27.39
270	0.0	22.26	21.97	27.79	27.98
271	0.0	21.5	22.32	28.83	27.35
272	0.0	21.86	22.04	28.34	27.76
273	0.0	23.03	21.76	27.79	27.41
274	0.0	21.17	22.46	28.49	27.88
275	0.0	22.58	21.97	27.68	27.77
276	0.0	22.54	21.85	27.98	27.63
277	0.0	21.48	22.23	29.16	27.12
278	0.0	22.23	22.33	28.32	27.13
279	0.0	22.8	21.41	27.82	27.97
280	0.0	21.54	22.58	28.25	27.62
281	0.0	22.2	22.16	27.9	27.73
282	0.0	22.73	21.82	28.21	27.24
283	0.0	21.52	22.48	28.63	27.38
284	0.0	22.3	22.17	28.48	27.05
285	0.0	22.58	21.97	28.17	27.29
286	0.0	20.94	22.46	28.75	27.85
287	0.0	21.79	22.16	28.65	27.4
288	0.0	22.5	22.2	27.95	27.34
289	0.0	21.15	22.22	28.86	27.77
290	0.0	21.95	22.32	28.37	27.36
291	0.0	22.47	22.1	27.57	27.86
292	0.0	21.43	22.08	28.5	28.0
293	0.0	21.94	22.65	28.2	27.2
294	0.0	22.12	22.03	28.32	27.53
295	0.0	21.45	22.03	28.92	27.61
296	0.0	21.82	22.94	28.12	27.13
297	0.0	22.03	22.11	28.01	27.85
298	0.0	21.66	22.06	28.57	27.7
299	0.0	21.49	22.33	28.36	27.82
300	0.0	22.55	21.93	27.98	27.54
301	0.0	21.53	22.12	28.77	27.58
302	0.0	22.23	22.26	28.13	27.37
303	0.0	22.61	21.53	27.91	27.94
304	0.0	21.57	22.45	28.36	27.62
305	0.0	22.22	22.47	28.17	27.15
306	0.0	22.6	21.86	27.47	28.07
307	0.0	21.53	22.42	28.56	27.49
308	0.0	21.91	22.31	28.38	27.4
309	0.0	22.52	22.01	27.89	27.58
310	0.0	21.61	22.06	28.58	27.75
311	0.0	22.24	22.13	28.3	27.33
312	0.0	22.33	21.97	27.78	27.92
313	0.0	21.89	22.14	28.36	27.61
314	0.0	22.33	22.13	28.5	27.04
315	0.0	22.32	21.67	28.06	27.94
316	0.0	21.47	22.21	28.15	28.17
317	0.0	22.53	22.19	28.63	26.66
318	0.0	22.51	21.71	27.66	28.12
319	0.0	21.27	22.29	28.65	27.78
320	0.0	22.24	22.3	28.38	27.08
321	0.0	22.48	22.13	28.19	27.21
322	0.0	21.64	22.29	28.02	28.05
323	0.0	21.78	22.19	28.34	27.69
324	0.0	22.25	21.81	28.17	27.77
325	0.0	21.86	22.9	28.02	27.21
326	0.0	21.81	22.53	27.82	27.84
327	0.0	22.72	21.47	28.15	27.66
328	0.0	21.73	22.11	28.21	27.95
329	0.0	22.21	22.26	27.96	27.58
330	0.0	23.08	21.66	27.21	28.04
331	0.0	21.53	22.32	28.73	27.42
332	0.0	21.37	22.34	28.55	27.74
333	0.0	22.16	21.78	28.15	27.91
334	0.0	21.55	22.5	28.8	27.14
335	0.0	22.4	22.18	27.92	27.5
336	0.0	22.76	21.83	27.97	27.43
337	0.0	21.61	22.33	28.25	27.81
338	0.0	22.47	22.47	27.94	27.12
339	0.0	22.74	21.35	28.01	27.89
340	0.0	21.38	22.3	28.94	27.37
341	0.0	22.22	22.39	27.99	27.4
342	0.0	22.33	21.81	27.69	28.17
343	0.0	21.65	22.44	28.4	27.52
344	0.0	22.64	21.8	28.42	27.14
345	0.0	22.78	21.43	28.01	27.78
346	0.0	21.99	22.07	28.14	27.79
347	0.0	21.96	22.68	27.99	27.37
348	0.0	22.56	22.01	27.59	27.84
349	0.0	21.32	21.89	28.71	28.08
350	0.0	22.46	22.06	28.21	27.27
351	0.0	22.6	22.12	27.68	27.6
352	0.0	21.47	22.73	28.0	27.79
353	0.0	22.41	22.33	28.01	27.25
354	0.0	22.28	22.02	28.1	27.6
355	0.0	21.49	22.45	28.3	27.76
356	0.0	22.12	22.12	28.26	27.5
357	0.0	22.3	22.2	27.89	27.61
358	0.0	21.58	22.38	28.52	27.52
359	0.0	22.25	22.12	28.2	27.43
360	0.0	22.4	22.07	27.92	27.61
361	0.0	21.42	22.95	28.09	27.54
362	0.0	22.04	22.59	27.99	27.38
363	0.0	22.43	21.59	27.91	28.07
364	0.0	21.14	22.33	28.98	27.55
365	0.0	22.13	22.29	28.13	27.44
366	0.0	22.23	21.82	27.92	28.03
367	0.0	21.57	22.6	28.69	27.13
368	0.0	22.27	22.21	28.38	27.14
369	0.0	22.47	21.94	27.85	27.75
370	0.0	21.26	22.57	28.64	27.52
371	0.0	22.22	22.11	28.31	27.37
372	0.0	22.32	21.89	27.74	28.06
373	0.0	21.44	22.36	28.81	27.39
374	0.0	22.03	22.75	27.89	27.32
375	0.0	22.08	21.79	27.84	28.29
376	0.0	21.52	22.32	28.7	27.46
377	0.0	21.96	22.56	28.29	27.2
378	0.0	22.39	21.98	28.02	27.62
379	0.0	21.65	22.32	28.13	27.89
380	0.0	21.95	22.49	28.16	27.4
381	0.0	22.24	21.88	27.92	27.96
382	0.0	22.14	21.94	28.5	27.42
383	0.0	22.22	22.36	28.29	27.13
384	0.0	22.35	21.92	27.83	27.91
385	0.0	21.97	22.23	28.47	27.33
386	0.0	22.28	22.51	27.71	27.5
387	0.0	22.14	22.2	27.87	27.79
388	0.0	21.72	22.07	28.44	27.76
389	0.0	22.38	22.32	28.11	27.2
390	0.0	22.82	21.56	27.91	27.7
391	0.0	21.95	21.79	28.54	27.72
392	0.0	22.37	22.15	28.14	27.34
393	0.0	22.68	22.18	27.36	27.78
394	0.0	21.71	22.05	28.86	27.38
395	0.0	22.28	22.71	28.06	26.96
396	0.0	22.35	21.98	28.01	27.66
397	0.0	21.69	22.15	28.49	27.67
398	0.0	21.9	22.42	28.0	27.68
399	0.0	22.51	21.54	28.02	27.93
400	0.0	21.43	22.29	28.46	27.82
401	0.0	22.04	22.1	28.24	27.62
402	0.0	22.2	21.56	28.01	28.23
403	0.0	21.46	22.36	28.75	27.42
404	0.0	22.18	22.13	28.18	27.51
405	0.0	22.5	22.03	27.7	27.76
406	0.0	20.93	23.1	28.7	27.27
407	0.0	21.83	22.23	28.26	27.67
408	0.0	22.59	21.74	27.88	27.79
409	0.0	21.21	22.48	28.73	27.59
410	0.0	22.31	22.1	28.15	27.43
411	0.0	22.33	21.81	28.19	27.67
412	0.0	21.43	22.3	28.22	28.06
413	0.0	22.1	22.19	28.42	27.29
414	0.0	22.0	21.83	28.36	27.81
415	0.0	21.71	22.23	28.24	27.82
416	0.0	22.26	22.01	28.17	27.56
417	0.0	22.1	22.2	27.9	27.8
418	0.0	21.74	22.47	28.1	27.7
419	0.0	22.42	21.8	28.04	27.74
420	0.0	22.56	22.27	27.48	27.69
421	0.0	21.5	22.27	28.52	27.71
422	0.0	21.84	22.51	28.22	27.43
423	0.0	22.66	21.56	27.67	28.1
424	0.0	21.83	22.2	27.96	28.01
425	0.0	22.33	21.81	28.1	27.77
426	0.0	22.45	22.38	27.64	27.53
427	0.0	21.5	22.42	28.23	27.86
428	0.0	22.52	21.99	27.65	27.84
429	0.0	22.47	21.94	27.45	28.13
430	0.0	21.86	22.04	28.2	27.9
431	0.0	22.3	22.24	28.27	27.19
432	0.0	22.1	21.9	27.96	28.03
433	0.0	21.98	22.33	28.14	27.56
434	0.0	21.97	22.47	27.88	27.69
435	0.0	22.7	21.83	27.5	27.97
436	0.0	22.21	21.73	28.31	27.76
437	0.0	21.89	22.3	28.25	27.56
438	0.0	22.15	21.87	28.25	27.74
439	0.0	21.65	22.31	28.37	27.67
440	0.0	22.41	22.06	27.93	27.6
441	0.0	22.5	22.12	27.92	27.46
442	0.0	21.34	22.57	28.47	27.61
443	0.0	21.97	22.65	27.74	27.64
444	0.0	22.85	21.78	27.64	27.74
445	0.0	21.59	22.14	28.49	27.78
446	0.0	21.59	22.22	28.51	27.68
447	0.0	22.26	21.64	28.08	28.03
448	0.0	20.95	22.58	28.67	27.8
449	0.0	22.27	22.29	28.11	27.33
450	0.0	22.77	21.87	27.99	27.36
451	0.0	21.59	22.9	28.07	27.44
452	0.0	22.32	21.85	28.98	26.85
453	0.0	22.57	21.96	27.71	27.77
454	0.0	21.74	22.47	28.86	26.93
455	0.0	21.69	22.92	28.15	27.24
456	0.0	22.63	21.47	27.67	28.23
457	0.0	21.51	22.74	28.47	27.29
458	0.0	22.15	22.67	28.3	26.88
459	0.0	22.39	22.07	28.05	27.49
460	0.0	21.58	22.44	28.36	27.61
461	0.0	22.5	21.96	28.18	27.36
462	0.0	22.3	22.12	27.94	27.65
463	0.0	21.2	21.99	28.41	28.4
464	0.0	22.47	22.26	28.21	27.06
465	0.0	22.32	21.73	27.91	28.04
466	0.0	21.47	22.38	28.51	27.63
467	0.0	21.77	22.41	28.14	27.68
468	0.0	22.63	21.81	27.91	27.65
469	0.0	21.52	22.15	28.78	27.56
470	0.0	21.77	22.32	28.42	27.5
471	0.0	22.6	22.11	27.8	27.49
472	0.0	22.01	22.67	27.81	27.52
473	0.0	22.08	22.37	28.0	27.56
474	0.0	22.51	21.85	28.08	27.57
475	0.0	21.82	21.91	28.66	27.61
476	0.0	21.91	22.3	28.25	27.53
477	0.0	22.29	22.02	28.06	27.63
478	0.0	21.23	22.68	28.52	27.57
479	0.0	22.1	22.42	27.68	27.8
480	0.0	22.27	21.96	28.04	27.72
481	0.0	21.82	22.59	28.44	27.16
482	0.0	21.82	22.55	28.26	27.36
483	0.0	22.48	21.95	27.84	27.73
484	0.0	21.77	22.37	28.6	27.25
485	0.0	21.69	22.43	28.51	27.36
486	0.0	22.0	21.99	28.05	27.96
487	0.0	21.57	22.7	28.44	27.29
488	0.0	21.54	22.02	28.64	27.79
489	0.0	22.6	21.77	28.09	27.54
490	0.0	21.53	22.32	28.45	27.71
491	0.0	22.2	22.4	28.1	27.3
492	0.0	22.31	21.99	27.83	27.87
493	0.0	21.95	22.55	28.02	27.49
494	0.0	22.0	22.07	28.34	27.59
495	0.0	22.26	21.63	28.24	27.87
496	0.0	21.42	22.19	28.36	28.02
497	0.0	22.65	22.04	28.03	27.29
498	0.0	22.03	21.86	28.18	27.94
499	0.0	21.83	21.86	28.32	27.99
500	0.0	21.89	22.41	28.43	27.28
