pos	N	G	C	T	A
1	0.0	15.46	21.77	32.66	30.1
2	0.0	18.99	17.2	31.88	31.93
3	0.0	18.8	18.06	29.96	33.17
4	0.0	18.61	19.47	30.97	30.95
5	0.0	19.38	18.18	31.28	31.15
6	0.0	19.18	19.25	30.36	31.21
7	0.0	19.33	18.84	30.98	30.85
8	0.0	18.62	18.6	31.49	31.29
9	0.0	19.04	18.74	31.6	30.62
10	0.0	18.57	19.36	31.18	30.89
11	0.0	18.74	18.67	31.34	31.24
12	0.0	18.75	18.84	31.14	31.27
13	0.0	18.61	19.3	31.22	30.87
14	0.0	18.59	18.75	31.48	31.19
15	0.0	19.06	18.81	30.93	31.2
16	0.0	18.69	19.23	31.04	31.04
17	0.0	18.76	18.7	31.21	31.33
18	0.0	19.11	18.72	30.86	31.32
19	0.0	18.95	19.08	31.28	30.68
20	0.0	18.68	18.79	31.3	31.23
21	0.0	19.12	18.85	30.98	31.05
22	0.0	18.8	19.2	31.03	30.98
23	0.0	18.97	18.74	31.08	31.22
24	0.0	19.11	18.73	31.22	30.94
25	0.0	18.89	19.33	31.37	30.41
26	0.0	18.51	18.88	31.52	31.1
27	0.0	18.91	18.74	31.26	31.1
28	0.0	19.05	19.39	31.1	30.46
29	0.0	18.91	18.63	31.18	31.29
30	0.0	19.14	18.9	30.98	30.98
31	0.0	18.89	19.3	31.07	30.74
32	0.0	18.86	18.67	31.24	31.23
33	0.0	19.17	19.0	30.92	30.91
34	0.0	18.76	19.43	31.18	30.63
35	0.0	18.89	18.52	31.32	31.27
36	0.0	19.11	18.98	31.02	30.89
37	0.0	18.78	19.4	31.15	30.66
38	0.0	18.79	18.79	31.29	31.13
39	0.0	19.19	18.87	30.97	30.97
40	0.0	18.66	19.38	31.15	30.8
41	0.0	18.62	18.81	31.34	31.23
42	0.0	19.12	18.91	31.02	30.95
43	0.0	18.67	19.49	31.22	30.62
44	0.0	18.96	18.6	31.22	31.23
45	0.0	19.08	18.9	31.17	30.85
46	0.0	18.81	19.43	31.05	30.71
47	0.0	18.82	18.57	31.14	31.47
48	0.0	19.31	18.83	31.06	30.81
49	0.0	18.99	19.21	31.2	30.61
50	0.0	18.65	18.84	31.31	31.19
51	0.0	19.09	19.17	30.89	30.85
52	0.0	18.91	19.38	31.37	30.34
53	0.0	18.84	18.87	31.35	30.94
54	0.0	19.28	19.24	30.88	30.6
55	0.0	18.92	19.85	30.69	30.54
56	0.0	19.4	19.57	30.47	30.56
57	0.0	19.3	19.18	30.82	30.69
58	0.0	18.86	19.64	30.69	30.8
59	0.0	18.92	18.76	31.11	31.21
60	0.0	19.3	19.12	30.75	30.83
61	0.0	18.95	19.53	30.89	30.63
62	0.0	18.89	18.79	31.1	31.23
63	0.0	19.29	19.08	30.69	30.93
64	0.0	18.77	19.59	31.2	30.44
65	0.0	18.98	18.86	31.19	30.97
66	0.0	19.31	19.02	30.92	30.75
67	0.0	18.96	19.54	31.02	30.47
68	0.0	18.92	18.9	31.07	31.12
69	0.0	19.46	19.0	30.7	30.84
70	0.0	18.98	19.59	30.76	30.67
71	0.0	18.97	19.0	31.11	30.92
72	0.0	19.27	19.12	30.95	30.66
73	0.0	18.9	19.62	30.8	30.68
74	0.0	19.04	18.82	30.98	31.16
75	0.0	19.3	19.03	30.92	30.75
76	0.0	18.84	19.55	30.99	30.62
77	0.0	18.89	18.92	31.06	31.14
78	0.0	19.28	19.09	30.71	30.93
79	0.0	18.79	19.59	30.88	30.74
80	0.0	18.88	18.96	31.02	31.15
81	0.0	19.2	19.12	30.65	31.03
82	0.0	18.93	19.55	31.01	30.51
83	0.0	18.84	19.04	31.04	31.09
84	0.0	19.35	19.05	30.7	30.9
85	0.0	18.84	19.57	30.82	30.77
86	0.0	18.88	18.82	31.05	31.25
87	0.0	19.16	19.15	30.71	30.97
88	0.0	18.88	19.37	31.0	30.75
89	0.0	18.97	18.75	31.1	31.18
90	0.0	19.31	18.9	31.01	30.78
91	0.0	18.87	19.34	30.81	30.97
92	0.0	18.98	18.83	31.07	31.13
93	0.0	19.49	19.13	30.39	30.99
94	0.0	18.74	19.45	30.99	30.82
95	0.0	18.72	19.21	30.98	31.09
96	0.0	19.36	19.4	30.85	30.39
97	0.0	18.88	19.63	30.92	30.56
98	0.0	19.08	18.61	31.15	31.16
99	0.0	19.2	18.74	31.59	30.47
100	0.0	18.26	19.35	31.37	31.01
101	0.0	19.81	17.64	30.84	31.71
102	0.0	20.04	18.94	30.15	30.87
103	0.0	18.98	19.71	30.81	30.49
104	0.0	18.96	18.98	30.99	31.07
105	0.0	19.16	19.03	30.92	30.9
106	0.0	18.9	19.56	30.96	30.58
107	0.0	19.15	18.79	30.89	31.18
108	0.0	19.4	19.27	30.5	30.84
109	0.0	18.85	19.66	30.95	30.54
110	0.0	19.0	18.82	31.15	31.02
111	0.0	19.3	18.99	30.74	30.97
112	0.0	18.85	19.43	31.08	30.64
113	0.0	18.9	18.86	31.08	31.17
114	0.0	19.11	19.05	30.8	31.04
115	0.0	18.65	19.58	31.2	30.57
116	0.0	18.79	18.95	31.21	31.05
117	0.0	19.25	18.99	30.9	30.86
118	0.0	18.82	19.47	31.12	30.59
119	0.0	19.0	18.99	30.89	31.11
120	0.0	19.26	19.12	30.94	30.68
121	0.0	18.83	19.36	31.12	30.68
122	0.0	18.99	18.93	31.09	31.0
123	0.0	19.23	19.09	30.96	30.73
124	0.0	18.82	19.5	31.24	30.44
125	0.0	18.99	18.89	31.14	30.98
126	0.0	19.28	19.17	30.56	30.98
127	0.0	18.95	19.54	31.05	30.47
128	0.0	19.08	18.99	30.89	31.03
129	0.0	19.31	19.21	30.64	30.84
130	0.0	19.03	19.74	30.69	30.55
131	0.0	19.07	19.05	31.03	30.86
132	0.0	19.21	18.99	30.88	30.92
133	0.0	18.88	19.48	31.16	30.48
134	0.0	19.03	19.07	31.13	30.78
135	0.0	19.35	18.98	30.7	30.97
136	0.0	18.97	19.74	30.72	30.57
137	0.0	18.95	18.92	31.23	30.9
138	0.0	19.27	19.16	30.73	30.85
139	0.0	18.86	19.56	31.03	30.55
140	0.0	19.08	18.81	30.89	31.22
141	0.0	19.15	19.21	30.71	30.93
142	0.0	19.0	19.64	30.83	30.53
143	0.0	18.92	18.97	30.98	31.12
144	0.0	19.29	19.05	30.76	30.91
145	0.0	18.94	19.69	30.78	30.59
146	0.0	19.04	19.04	30.95	30.98
147	0.0	19.24	19.13	30.94	30.68
148	0.0	18.87	19.58	31.1	30.45
149	0.0	19.08	18.86	31.16	30.9
150	0.0	19.31	19.0	30.81	30.89
151	0.0	18.94	19.66	30.75	30.65
152	0.0	19.02	19.06	30.72	31.2
153	0.0	19.66	19.1	30.71	30.53
154	0.0	18.79	19.46	31.04	30.71
155	0.0	19.13	18.7	31.11	31.07
156	0.0	19.27	19.1	30.93	30.7
157	0.0	18.97	19.5	31.03	30.5
158	0.0	18.96	18.92	30.99	31.13
159	0.0	19.42	19.14	30.78	30.66
160	0.0	18.68	19.39	31.19	30.74
161	0.0	19.07	18.9	31.17	30.85
162	0.0	19.34	19.09	30.75	30.81
163	0.0	18.87	19.57	30.97	30.59
164	0.0	19.09	18.98	30.95	30.97
165	0.0	19.3	19.11	30.74	30.85
166	0.0	18.88	19.55	30.95	30.62
167	0.0	18.96	18.95	30.98	31.12
168	0.0	19.44	19.04	30.84	30.68
169	0.0	18.96	19.55	30.87	30.62
170	0.0	18.82	18.87	31.11	31.21
171	0.0	19.27	18.83	30.93	30.98
172	0.0	18.95	19.4	30.97	30.68
173	0.0	19.04	18.82	31.03	31.12
174	0.0	19.23	19.08	30.71	30.98
175	0.0	18.89	19.51	30.94	30.66
176	0.0	18.9	18.88	31.08	31.14
177	0.0	19.23	19.09	30.71	30.98
178	0.0	18.81	19.45	30.98	30.76
179	0.0	19.02	18.71	31.1	31.17
180	0.0	19.22	19.02	30.67	31.09
181	0.0	18.84	19.41	31.17	30.57
182	0.0	18.97	18.81	31.15	31.08
183	0.0	19.05	18.8	30.89	31.26
184	0.0	18.81	19.42	30.88	30.89
185	0.0	18.88	18.95	31.09	31.07
186	0.0	19.33	18.96	30.77	30.94
187	0.0	19.03	19.28	31.04	30.65
188	0.0	19.0	18.65	31.01	31.33
189	0.0	19.26	19.06	30.74	30.94
190	0.0	18.87	19.26	30.96	30.91
191	0.0	19.1	18.82	30.94	31.14
192	0.0	19.09	19.1	30.61	31.2
193	0.0	18.79	19.17	31.12	30.92
194	0.0	18.93	18.58	31.13	31.36
195	0.0	19.2	19.02	30.87	30.92
196	0.0	18.91	19.58	30.89	30.61
197	0.0	18.94	18.62	31.15	31.28
198	0.0	19.08	19.16	30.77	30.98
199	0.0	18.87	19.37	31.09	30.68
200	0.0	19.03	18.79	31.26	30.92
201	0.0	19.19	18.98	30.8	31.03
202	0.0	18.89	19.53	30.95	30.63
203	0.0	18.98	18.77	31.16	31.09
204	0.0	19.22	18.92	30.84	31.02
205	0.0	18.9	19.43	30.98	30.69
206	0.0	18.87	18.83	31.26	31.04
207	0.0	19.24	19.04	30.88	30.84
208	0.0	18.81	19.34	31.23	30.62
209	0.0	18.95	18.72	31.29	31.04
210	0.0	19.16	19.08	30.73	31.02
211	0.0	18.71	19.55	31.08	30.66
212	0.0	19.01	18.85	31.03	31.11
213	0.0	19.09	19.12	30.89	30.89
214	0.0	18.95	19.45	31.13	30.47
215	0.0	19.19	18.98	30.93	30.9
216	0.0	19.38	19.03	30.79	30.8
217	0.0	18.94	19.33	31.11	30.61
218	0.0	19.0	18.86	30.98	31.16
219	0.0	19.46	18.89	30.97	30.68
220	0.0	18.9	19.31	31.07	30.72
221	0.0	18.97	18.83	30.85	31.35
222	0.0	19.19	19.07	30.72	31.02
223	0.0	19.03	19.4	30.79	30.78
224	0.0	19.11	18.75	30.98	31.15
225	0.0	19.3	18.93	30.76	31.01
226	0.0	18.86	19.27	31.22	30.65
227	0.0	19.09	18.74	31.08	31.09
228	0.0	19.24	18.86	30.9	30.99
229	0.0	18.94	19.45	30.93	30.69
230	0.0	19.14	18.87	30.65	31.33
231	0.0	19.28	19.17	30.75	30.79
232	0.0	19.04	19.46	30.98	30.52
233	0.0	19.05	18.88	31.05	31.02
234	0.0	19.12	19.19	30.63	31.06
235	0.0	18.69	19.46	30.91	30.94
236	0.0	19.05	18.77	30.99	31.19
237	0.0	19.17	18.99	30.85	30.98
238	0.0	19.04	19.4	30.99	30.57
239	0.0	18.95	18.93	31.03	31.09
240	0.0	19.18	18.99	30.81	31.03
241	0.0	19.05	19.37	30.93	30.64
242	0.0	18.88	18.91	31.09	31.12
243	0.0	19.2	19.3	30.62	30.88
244	0.0	19.03	19.34	30.98	30.65
245	0.0	18.79	18.85	31.04	31.32
246	0.0	19.48	19.08	30.57	30.87
247	0.0	18.97	19.41	31.0	30.62
248	0.0	18.77	19.02	31.09	31.13
249	0.0	19.17	19.02	30.96	30.85
250	0.0	18.92	19.49	30.84	30.75
251	0.0	19.08	18.85	30.74	31.33
252	0.0	19.37	19.23	30.78	30.63
253	0.0	18.86	19.39	30.98	30.77
254	0.0	19.08	18.94	31.0	30.98
255	0.0	19.37	19.05	30.67	30.91
256	0.0	18.92	19.36	30.88	30.84
257	0.0	19.12	18.94	30.8	31.15
258	0.0	19.37	19.08	30.66	30.89
259	0.0	18.92	19.51	31.02	30.55
260	0.0	19.09	18.97	31.06	30.87
261	0.0	19.4	19.16	30.76	30.67
262	0.0	18.92	19.53	31.05	30.51
263	0.0	19.06	18.89	30.97	31.08
264	0.0	19.28	19.12	30.69	30.91
265	0.0	18.99	19.28	30.96	30.77
266	0.0	18.98	18.95	30.72	31.35
267	0.0	19.38	19.11	30.83	30.68
268	0.0	19.08	19.42	30.79	30.71
269	0.0	19.0	18.77	31.23	31.0
270	0.0	19.25	19.06	30.98	30.71
271	0.0	18.96	19.4	31.11	30.53
272	0.0	18.96	18.78	31.23	31.03
273	0.0	19.34	19.13	30.77	30.76
274	0.0	19.12	19.46	30.85	30.57
275	0.0	18.95	18.91	31.13	31.01
276	0.0	19.35	19.14	30.87	30.65
277	0.0	18.91	19.44	30.99	30.66
278	0.0	19.04	18.93	30.83	31.2
279	0.0	19.24	19.01	30.93	30.82
280	0.0	18.92	19.35	31.04	30.69
281	0.0	19.02	18.8	31.1	31.08
282	0.0	19.2	19.06	30.8	30.94
283	0.0	18.87	19.48	30.96	30.69
284	0.0	19.05	18.87	31.14	30.93
285	0.0	19.2	19.17	30.81	30.83
286	0.0	19.01	19.22	30.93	30.84
287	0.0	19.13	18.77	31.25	30.84
288	0.0	19.28	19.1	30.58	31.04
289	0.0	18.96	19.25	30.97	30.83
290	0.0	19.11	18.86	30.86	31.17
291	0.0	19.18	19.03	30.97	30.83
292	0.0	19.05	19.39	30.84	30.71
293	0.0	19.04	18.95	31.01	31.01
294	0.0	19.17	19.23	30.84	30.75
295	0.0	18.89	19.39	30.73	30.99
296	0.0	19.01	18.68	31.07	31.24
297	0.0	19.27	19.08	30.76	30.9
298	0.0	19.01	19.27	30.9	30.83
299	0.0	19.16	18.65	30.97	31.22
300	0.0	19.13	19.18	31.05	30.63
301	0.0	19.21	19.53	30.72	30.54
302	0.0	19.13	19.02	30.77	31.08
303	0.0	19.35	18.93	30.75	30.97
304	0.0	18.95	19.4	30.93	30.72
305	0.0	19.19	18.75	31.14	30.92
306	0.0	19.34	19.05	30.84	30.76
307	0.0	18.88	19.38	31.01	30.73
308	0.0	18.94	18.97	31.08	31.02
309	0.0	19.23	19.18	30.72	30.87
310	0.0	18.92	19.38	30.82	30.88
311	0.0	18.94	19.06	31.06	30.95
312	0.0	19.4	18.99	30.91	30.7
313	0.0	18.9	19.42	30.88	30.79
314	0.0	18.94	18.99	30.74	31.34
315	0.0	19.35	19.11	30.75	30.79
316	0.0	18.8	19.47	30.77	30.95
317	0.0	18.92	18.74	31.15	31.18
318	0.0	19.23	19.05	30.82	30.9
319	0.0	18.91	19.29	30.97	30.82
320	0.0	19.12	18.79	30.93	31.16
321	0.0	19.12	19.14	30.92	30.82
322	0.0	18.85	19.37	30.95	30.83
323	0.0	18.96	18.89	31.11	31.04
324	0.0	19.29	18.96	30.8	30.94
325	0.0	18.97	19.31	31.17	30.55
326	0.0	19.03	19.03	30.92	31.02
327	0.0	19.13	19.32	30.73	30.81
328	0.0	18.79	19.37	30.95	30.88
329	0.0	19.12	18.96	31.1	30.82
330	0.0	19.17	18.98	30.84	31.01
331	0.0	19.13	19.33	30.78	30.76
332	0.0	18.98	18.99	31.06	30.96
333	0.0	19.35	19.03	30.82	30.8
334	0.0	19.05	19.3	30.79	30.86
335	0.0	19.1	18.76	31.05	31.09
336	0.0	19.17	19.05	30.56	31.21
337	0.0	18.95	19.37	31.17	30.51
338	0.0	19.15	18.93	31.01	30.92
339	0.0	19.13	19.1	30.82	30.95
340	0.0	18.96	19.33	31.08	30.64
341	0.0	19.09	18.82	31.08	31.0
342	0.0	19.39	19.12	30.62	30.88
343	0.0	19.1	19.46	30.8	30.63
344	0.0	19.03	19.0	30.98	30.99
345	0.0	19.25	19.06	30.74	30.95
346	0.0	19.16	19.19	30.86	30.8
347	0.0	18.88	18.9	31.09	31.13
348	0.0	19.27	18.9	30.79	31.05
349	0.0	18.97	19.32	30.99	30.71
350	0.0	19.19	18.81	31.01	30.99
351	0.0	19.22	19.14	30.76	30.88
352	0.0	18.98	19.33	31.05	30.63
353	0.0	18.93	18.95	31.03	31.09
354	0.0	19.34	19.15	30.59	30.92
355	0.0	19.09	19.35	30.93	30.63
356	0.0	19.04	18.82	31.09	31.05
357	0.0	19.35	19.04	30.84	30.77
358	0.0	18.86	19.51	30.91	30.71
359	0.0	18.99	18.82	30.95	31.24
360	0.0	19.32	19.07	30.79	30.81
361	0.0	18.91	19.21	30.91	30.97
362	0.0	18.98	18.94	31.02	31.06
363	0.0	19.29	19.23	30.68	30.79
364	0.0	18.81	19.43	30.91	30.85
365	0.0	18.9	18.88	31.06	31.16
366	0.0	19.32	19.28	30.56	30.84
367	0.0	18.99	19.36	30.85	30.8
368	0.0	19.02	18.9	30.94	31.13
369	0.0	19.27	18.99	30.91	30.83
370	0.0	18.94	19.41	30.79	30.86
371	0.0	19.15	18.8	31.31	30.74
372	0.0	19.34	19.16	30.71	30.79
373	0.0	19.04	19.32	30.89	30.75
374	0.0	19.22	18.86	31.02	30.9
375	0.0	19.27	18.97	30.72	31.04
376	0.0	19.18	19.28	30.86	30.68
377	0.0	19.13	18.85	30.76	31.26
378	0.0	19.29	19.04	30.76	30.9
379	0.0	18.85	19.52	30.91	30.73
380	0.0	19.1	18.85	31.11	30.94
381	0.0	19.41	18.89	30.97	30.73
382	0.0	19.1	19.36	30.86	30.68
383	0.0	19.03	18.81	31.09	31.07
384	0.0	19.28	19.06	30.85	30.81
385	0.0	19.05	19.43	30.81	30.7
386	0.0	18.96	19.02	30.87	31.15
387	0.0	19.15	19.2	30.88	30.77
388	0.0	19.07	19.19	30.89	30.85
389	0.0	18.94	18.84	30.98	31.24
390	0.0	19.15	18.98	30.91	30.96
391	0.0	18.92	19.33	30.86	30.89
392	0.0	19.08	18.89	30.81	31.22
393	0.0	19.45	18.96	30.72	30.88
394	0.0	19.05	19.17	30.89	30.89
395	0.0	19.02	18.92	31.08	30.98
396	0.0	19.31	19.07	30.77	30.85
397	0.0	18.89	19.49	30.86	30.76
398	0.0	19.31	18.86	31.02	30.81
399	0.0	19.32	18.99	30.76	30.93
400	0.0	18.75	19.41	31.1	30.74
401	0.0	18.94	18.9	30.95	31.21
402	0.0	19.2	19.09	30.85	30.86
403	0.0	19.01	19.39	30.82	30.78
404	0.0	19.16	18.78	30.88	31.18
405	0.0	19.33	19.1	30.77	30.8
406	0.0	19.01	19.45	30.88	30.67
407	0.0	19.11	18.95	30.77	31.18
408	0.0	19.16	19.14	30.79	30.9
409	0.0	19.02	19.22	30.82	30.94
410	0.0	19.24	18.71	30.89	31.16
411	0.0	19.29	19.0	30.86	30.84
412	0.0	18.93	19.3	31.07	30.69
413	0.0	19.18	18.81	31.08	30.94
414	0.0	19.22	19.17	30.89	30.72
415	0.0	18.83	19.32	31.17	30.68
416	0.0	19.0	18.89	30.92	31.18
417	0.0	19.36	19.09	30.6	30.95
418	0.0	19.07	19.3	30.72	30.91
419	0.0	19.17	18.9	30.93	31.0
420	0.0	19.22	19.07	30.7	31.0
421	0.0	19.07	19.5	30.96	30.46
422	0.0	19.08	18.94	30.92	31.06
423	0.0	19.34	19.0	30.7	30.95
424	0.0	18.91	19.42	30.88	30.79
425	0.0	19.07	18.81	31.03	31.08
426	0.0	19.18	19.17	30.7	30.95
427	0.0	19.15	19.28	31.02	30.55
428	0.0	19.29	18.89	30.93	30.9
429	0.0	19.31	19.06	30.78	30.85
430	0.0	18.92	19.26	30.82	31.0
431	0.0	19.2	18.74	31.17	30.89
432	0.0	19.24	19.07	30.77	30.93
433	0.0	19.11	19.23	30.99	30.67
434	0.0	18.95	18.91	30.91	31.23
435	0.0	19.24	19.07	30.97	30.72
436	0.0	19.09	19.29	30.9	30.72
437	0.0	19.06	18.99	30.79	31.16
438	0.0	19.32	19.02	30.73	30.93
439	0.0	19.11	19.31	30.95	30.64
440	0.0	19.03	18.9	31.08	31.0
441	0.0	19.32	18.91	31.0	30.78
442	0.0	18.95	19.3	30.88	30.88
443	0.0	19.04	18.85	30.85	31.27
444	0.0	19.0	19.08	30.98	30.94
445	0.0	19.17	19.21	31.0	30.61
446	0.0	19.05	19.02	30.73	31.2
447	0.0	19.21	18.94	30.76	31.1
448	0.0	19.15	19.16	30.88	30.81
449	0.0	19.08	18.89	30.98	31.06
450	0.0	19.27	19.0	30.97	30.76
451	0.0	18.84	19.26	31.07	30.83
452	0.0	18.83	18.94	31.04	31.2
453	0.0	19.02	19.22	30.86	30.9
454	0.0	19.06	19.19	30.9	30.84
455	0.0	18.95	19.05	30.96	31.04
456	0.0	19.37	19.16	30.72	30.75
457	0.0	19.11	19.17	30.83	30.89
458	0.0	19.21	18.91	30.72	31.16
459	0.0	19.07	19.12	30.85	30.96
460	0.0	18.86	19.27	30.95	30.92
461	0.0	19.21	18.84	30.93	31.01
462	0.0	19.28	18.95	30.68	31.09
463	0.0	19.0	19.06	31.04	30.91
464	0.0	18.88	18.79	31.17	31.16
465	0.0	19.26	19.15	30.84	30.75
466	0.0	18.86	19.23	31.02	30.89
467	0.0	19.19	18.95	30.82	31.04
468	0.0	19.33	19.13	30.63	30.9
469	0.0	19.08	19.34	30.75	30.83
470	0.0	19.05	18.94	30.83	31.18
471	0.0	19.4	19.05	30.77	30.78
472	0.0	19.07	19.33	30.72	30.88
473	0.0	19.01	18.97	30.92	31.1
474	0.0	19.23	18.98	30.88	30.91
475	0.0	18.94	19.4	30.94	30.73
476	0.0	18.95	19.07	30.83	31.15
477	0.0	19.32	19.11	30.59	30.98
478	0.0	18.96	19.15	30.91	30.98
479	0.0	19.19	18.98	30.9	30.92
480	0.0	19.03	19.14	30.88	30.94
481	0.0	18.84	19.42	30.9	30.84
482	0.0	19.1	18.76	30.88	31.26
483	0.0	19.34	18.93	30.73	31.01
484	0.0	18.85	19.18	31.05	30.92
485	0.0	19.16	18.88	31.06	30.89
486	0.0	18.97	19.14	30.85	31.04
487	0.0	18.99	19.07	30.83	31.1
488	0.0	19.08	18.89	30.82	31.21
489	0.0	19.18	18.85	30.99	30.97
490	0.0	18.74	19.37	30.9	30.98
491	0.0	18.94	18.79	31.06	31.22
492	0.0	19.14	19.08	30.81	30.97
493	0.0	19.0	19.41	30.73	30.85
494	0.0	19.11	18.91	31.07	30.91
495	0.0	19.26	19.14	30.64	30.96
496	0.0	18.95	19.26	31.07	30.72
497	0.0	18.97	18.82	31.22	30.99
498	0.0	19.24	19.03	30.88	30.85
499	0.0	19.08	19.11	31.01	30.8
500	0.0	19.05	18.81	31.21	30.94
