pos	N	G	C	T	A
1	0.0	29.23	30.15	19.98	20.63
2	0.0	34.1	20.7	27.12	18.09
3	0.0	28.12	21.34	26.94	23.61
4	0.0	25.92	19.22	23.48	31.38
5	0.0	26.65	18.46	23.27	31.61
6	0.0	25.0	19.93	21.46	33.62
7	0.0	23.13	21.76	32.14	22.96
8	0.0	25.45	23.59	25.55	25.41
9	0.0	25.95	23.88	26.36	23.8
10	0.0	23.94	19.14	25.37	31.54
11	0.0	27.52	23.36	22.45	26.67
12	0.0	26.97	24.55	24.15	24.34
13	0.0	25.69	21.34	26.08	26.89
14	0.0	25.89	20.16	26.75	27.19
15	0.0	26.4	20.59	25.01	28.0
16	0.0	25.05	20.87	25.85	28.24
17	0.0	24.98	21.18	24.92	28.91
18	0.0	26.11	20.89	24.74	28.26
19	0.0	26.05	20.8	25.37	27.78
20	0.0	26.06	21.41	24.97	27.56
21	0.0	26.18	21.42	24.38	28.02
22	0.0	25.9	21.43	24.9	27.77
23	0.0	25.94	21.14	24.46	28.46
24	0.0	26.33	20.32	25.2	28.15
25	0.0	25.7	21.46	24.26	28.57
26	0.0	27.06	20.02	24.69	28.24
27	0.0	26.53	20.61	24.48	28.37
28	0.0	27.22	20.5	24.21	28.07
29	0.0	27.27	20.06	25.3	27.38
30	0.0	27.14	20.79	23.79	28.27
31	0.0	26.55	20.7	24.15	28.61
32	0.0	27.3	20.45	24.34	27.91
33	0.0	27.79	20.4	23.87	27.94
34	0.0	26.66	20.13	24.11	29.1
35	0.0	26.92	19.9	25.18	27.99
36	0.0	27.53	20.01	24.52	27.95
37	0.0	26.46	20.65	25.0	27.9
38	0.0	27.09	20.32	25.16	27.43
39	0.0	27.72	19.94	25.27	27.06
40	0.0	27.81	19.73	24.66	27.8
41	0.0	27.73	19.52	24.64	28.11
42	0.0	28.08	20.13	23.98	27.8
43	0.0	27.03	20.27	24.94	27.75
44	0.0	26.22	20.54	25.29	27.95
45	0.0	27.02	19.85	25.13	28.0
46	0.0	27.06	20.16	24.86	27.91
47	0.0	25.79	20.47	24.21	29.53
48	0.0	26.73	20.25	24.92	28.1
49	0.0	26.63	21.03	24.48	27.87
50	0.0	26.61	20.19	24.77	28.44
51	0.0	25.44	20.45	25.38	28.74
52	0.0	24.98	20.87	24.72	29.42
53	0.0	26.13	19.99	24.48	29.4
54	0.0	25.8	20.73	23.93	29.54
55	0.0	25.9	20.39	24.97	28.74
56	0.0	26.26	20.69	25.1	27.95
57	0.0	26.05	20.96	24.87	28.12
58	0.0	25.35	20.89	24.9	28.86
59	0.0	27.16	20.61	24.25	27.97
60	0.0	25.92	20.91	24.73	28.45
61	0.0	26.78	21.14	24.28	27.8
62	0.0	26.6	20.89	24.45	28.06
63	0.0	26.32	20.48	24.29	28.91
64	0.0	26.77	20.52	24.65	28.06
65	0.0	26.49	20.81	24.94	27.76
66	0.0	25.05	21.04	25.14	28.77
67	0.0	26.71	20.89	24.55	27.84
68	0.0	25.88	21.52	24.91	27.7
69	0.0	26.0	21.19	24.91	27.89
70	0.0	25.54	21.94	24.8	27.72
71	0.0	24.99	20.92	25.65	28.44
72	0.0	26.46	20.84	24.61	28.09
73	0.0	25.62	20.96	24.53	28.89
74	0.0	26.38	20.85	24.05	28.72
75	0.0	25.3	21.72	24.41	28.56
76	0.07	25.11	21.49	24.79	28.54
77	0.0	26.09	21.21	24.66	28.04
78	0.0	24.76	21.18	25.87	28.19
79	0.05	25.28	21.0	24.35	29.33
80	0.0	25.94	21.45	24.04	28.57
81	0.0	25.29	21.0	25.22	28.49
82	0.0	25.07	21.44	25.68	27.8
83	0.0	25.07	22.25	25.17	27.51
84	0.0	26.03	21.45	24.74	27.78
85	0.0	25.7	21.37	24.84	28.09
86	0.0	25.18	20.84	25.21	28.77
87	0.0	25.71	21.06	24.16	29.06
88	0.0	25.36	21.19	25.16	28.28
89	0.0	26.08	20.98	25.26	27.67
90	0.0	25.48	21.57	24.72	28.23
91	0.0	25.47	21.44	25.16	27.93
92	0.0	26.24	21.2	24.38	28.18
93	0.0	24.98	21.15	24.31	29.57
94	0.0	25.04	21.33	24.4	29.23
95	0.0	25.2	21.87	24.45	28.49
96	0.0	25.5	21.18	24.71	28.61
97	0.0	25.65	21.61	24.49	28.26
98	0.0	25.35	21.65	24.55	28.46
99	0.0	24.89	21.66	24.89	28.56
100	0.0	25.58	22.13	24.14	28.15
